Output from NeEstimator v.2
Starting time: Thu May  8 23:43:32 2025
Input File: "qmacd_ref_gen_qrob_ns.txt"

Number of Loci = 5426

Non-polymorphic loci:    15,    17,    20,    21,    22,    29,    34,    51,
           65,    69,    75,    77,    81,    93,    98,   103,   110,   126,
          132,   134,   140,   145,   164,   182,   188,   189,   211,   213,
          225,   235,   249,   251,   252,   259,   260,   262,   264,   273,
          285,   298,   306,   330,   331,   338,   351,   357,   359,   360,
          377,   385,   388,   389,   391,   403,   419,   422,   430,   444,
          453,   454,   482,   485,   489,   491,   496,   501,   529,   538,
          551,   552,   553,   556,   559,   564,   573,   575,   595,   608,
          614,   641,   660,   672,   676,   677,   695,   707,   722,   730,
          735,   745,   746,   749,   759,   764,   765,   777,   779,   786,
          787,   788,   789,   801,   802,   807,   808,   830,   835,   837,
          844,   846,   850,   861,   871,   884,   886,   888,   902,   914,
          916,   919,   921,   923,   924,   938,   949,   959,   970,   984,
          989,   992,   993,   996,  1025,  1027,  1029,  1047,  1064,  1068,
         1073,  1086,  1098,  1105,  1112,  1121,  1125,  1126,  1132,  1136,
         1139,  1141,  1142,  1143,  1144,  1146,  1147,  1150,  1158,  1164,
         1196,  1197,  1228,  1236,  1245,  1249,  1275,  1277,  1279,  1282,
         1287,  1299,  1305,  1306,  1349,  1359,  1369,  1374,  1382,  1393,
         1410,  1411,  1414,  1418,  1421,  1430,  1432,  1434,  1435,  1447,
         1449,  1455,  1458,  1459,  1466,  1487,  1488,  1493,  1502,  1509,
         1513,  1516,  1540,  1557,  1564,  1566,  1570,  1588,  1589,  1591,
         1604,  1611,  1613,  1614,  1628,  1630,  1638,  1642,  1675,  1688,
         1709,  1724,  1752,  1754,  1762,  1768,  1771,  1772,  1773,  1777,
         1778,  1780,  1784,  1799,  1800,  1809,  1811,  1812,  1813,  1818,
         1821,  1823,  1833,  1847,  1852,  1860,  1865,  1887,  1892,  1912,
         1927,  1931,  1932,  1933,  1937,  1940,  1956,  1959,  1984,  1986,
         1999,  2008,  2009,  2047,  2055,  2061,  2081,  2086,  2087,  2090,
         2113,  2114,  2116,  2117,  2118,  2119,  2123,  2135,  2140,  2155,
         2164,  2202,  2219,  2224,  2227,  2228,  2247,  2282,  2284,  2288,
         2289,  2296,  2301,  2302,  2311,  2324,  2326,  2335,  2342,  2358,
         2359,  2360,  2368,  2386,  2387,  2388,  2410,  2417,  2419,  2422,
         2451,  2452,  2453,  2454,  2478,  2480,  2482,  2506,  2526,  2527,
         2569,  2570,  2574,  2575,  2577,  2579,  2580,  2581,  2597,  2619,
         2634,  2635,  2636,  2639,  2640,  2642,  2648,  2649,  2654,  2656,
         2662,  2670,  2681,  2683,  2695,  2696,  2698,  2699,  2704,  2750,
         2761,  2763,  2812,  2824,  2825,  2842,  2855,  2863,  2870,  2873,
         2875,  2880,  2887,  2889,  2890,  2904,  2905,  2919,  2920,  2921,
         2922,  2923,  2932,  2934,  2936,  2940,  2941,  2948,  2951,  2955,
         2956,  2957,  2978,  2989,  2995,  2997,  3028,  3036,  3046,  3055,
         3058,  3060,  3073,  3084,  3088,  3092,  3098,  3099,  3100,  3101,
         3107,  3112,  3119,  3127,  3151,  3157,  3159,  3160,  3163,  3177,
         3178,  3181,  3183,  3186,  3193,  3197,  3199,  3202,  3220,  3221,
         3226,  3228,  3244,  3262,  3263,  3274,  3277,  3283,  3285,  3286,
         3290,  3293,  3296,  3298,  3299,  3307,  3317,  3322,  3325,  3332,
         3334,  3349,  3350,  3361,  3370,  3383,  3390,  3393,  3403,  3406,
         3415,  3425,  3445,  3464,  3466,  3469,  3470,  3478,  3493,  3496,
         3517,  3519,  3521,  3533,  3566,  3583,  3592,  3614,  3621,  3633,
         3649,  3668,  3671,  3672,  3680,  3717,  3732,  3735,  3755,  3770,
         3788,  3801,  3835,  3842,  3848,  3853,  3856,  3860,  3866,  3868,
         3876,  3881,  3882,  3886,  3887,  3891,  3901,  3905,  3906,  3910,
         3923,  3934,  3935,  3936,  3937,  3938,  3939,  3944,  3964,  3967,
         3968,  3970,  3975,  4002,  4005,  4006,  4011,  4014,  4042,  4043,
         4053,  4062,  4070,  4074,  4083,  4088,  4099,  4105,  4136,  4140,
         4150,  4161,  4163,  4166,  4173,  4187,  4218,  4219,  4221,  4222,
         4223,  4234,  4235,  4247,  4265,  4269,  4279,  4288,  4297,  4299,
         4302,  4343,  4345,  4351,  4361,  4380,  4381,  4386,  4387,  4388,
         4395,  4409,  4417,  4422,  4433,  4471,  4475,  4488,  4492,  4498,
         4516,  4527,  4552,  4563,  4571,  4576,  4586,  4587,  4589,  4591,
         4597,  4600,  4602,  4604,  4636,  4649,  4651,  4665,  4668,  4669,
         4672,  4673,  4674,  4675,  4676,  4681,  4688,  4694,  4698,  4704,
         4705,  4708,  4732,  4734,  4737,  4739,  4741,  4746,  4753,  4755,
         4757,  4766,  4771,  4778,  4796,  4798,  4803,  4805,  4806,  4818,
         4827,  4829,  4847,  4860,  4861,  4864,  4879,  4892,  4900,  4901,
         4903,  4915,  4924,  4929,  4941,  4947,  4949,  4964,  4965,  4966,
         4967,  4969,  4970,  4975,  4995,  4999,  5001,  5012,  5013,  5017,
         5031,  5033,  5044,  5062,  5063,  5076,  5077,  5081,  5098,  5113,
         5116,  5120,  5134,  5137,  5138,  5142,  5144,  5149,  5161,  5163,
         5167,  5184,  5198,  5204,  5230,  5241,  5248,  5249,  5251,  5258,
         5262,  5265,  5269,  5273,  5282,  5284,  5295,  5296,  5297,  5302,
         5305,  5309,  5310,  5318,  5320,  5331,  5350,  5352,  5367,  5375,
         5376,  5377,  5385,  5387,  5392,  5393,  5408,  5410,  5412,  5414,
         5415,  5418,  5420,  5421,  5426
Total non-polymorphic = 713

LD mating model: Random

Population     1 [CZ_01]  (Number of Individuals = 50)
****************
--------------------------------------------------------------------------
Lowest Allele Frequency Used     0.050       0.020       0.010         0+
--------------------------------------------------------------------------

LINKAGE DISEQUILIBRIUM METHOD

Harmonic Mean Sample Size =       50.0        50.0        50.0        50.0
Independent Comparisons =    1908081     5263390    11103828    11103828
OverAll r^2 =                 0.022400    0.022309    0.023227    0.023227
Expected r^2 Sample =         0.021276    0.021276    0.021276    0.021276
Estimated Ne^ =                  294.5       320.6       168.8       168.8

95% CIs for Ne^
* Parametric                     283.1       312.4       167.1       167.1
                                 306.8       329.2       170.5       170.5

* JackKnife on Samples           233.4       231.5        79.8        79.8
                                 395.6       511.4      3765.4      3765.4


HETEROZYGOTE EXCESS METHOD

Harmonic Mean Sample Size =       50.0        50.0        50.0        50.0 
Independent Alleles =           1954        3245        4713        4713  
Weighted Mean D =             -0.05952    -0.04934    -0.03398    -0.03398
Estimated Neb^  =             Infinite    Infinite    Infinite    Infinite

95% CIs for Nb:
* Parametric                  Infinite    Infinite    Infinite    Infinite
                              Infinite    Infinite    Infinite    Infinite

MOLECULAR COANCESTRY METHOD

Harmonic Mean Sample Size =                                           50.0
OverAll f1^    =                                                   0.74853
Estimated Neb^ =                                                       0.7

95% CIs for Ne^
* Jackknife on Loci                                                    0.7
                                                                       0.7
**************************************************************************

Time: Fri May  9 00:21:43 2025

Non-polymorphic loci:     2,     5,    24,    25,    26,    27,    33,    39,
           40,    42,    44,    45,    46,    47,    49,    50,    53,    55,
           56,    63,    64,    66,    67,    68,    70,    72,    76,    78,
           79,    83,    84,    88,    89,    90,    94,    97,   108,   111,
          112,   114,   116,   117,   119,   121,   128,   133,   137,   141,
          144,   147,   148,   151,   153,   154,   159,   169,   171,   173,
          174,   175,   176,   177,   178,   179,   180,   181,   183,   184,
          186,   187,   191,   192,   193,   195,   196,   197,   198,   201,
          203,   206,   207,   209,   210,   212,   214,   215,   222,   223,
          224,   226,   227,   228,   229,   236,   240,   241,   247,   250,
          255,   256,   265,   266,   268,   277,   286,   288,   290,   292,
          294,   295,   296,   297,   299,   300,   301,   303,   304,   308,
          309,   310,   312,   314,   317,   321,   322,   325,   329,   332,
          333,   334,   337,   342,   344,   355,   356,   358,   361,   369,
          371,   373,   374,   375,   378,   379,   380,   382,   383,   384,
          386,   387,   390,   392,   393,   394,   395,   397,   405,   407,
          408,   409,   410,   411,   418,   421,   423,   428,   431,   441,
          442,   446,   448,   455,   456,   457,   458,   459,   460,   461,
          462,   464,   465,   466,   467,   468,   469,   472,   475,   477,
          479,   480,   483,   484,   492,   494,   495,   498,   503,   506,
          507,   508,   509,   514,   523,   524,   525,   526,   527,   530,
          531,   535,   543,   544,   546,   548,   557,   560,   561,   562,
          563,   566,   567,   568,   569,   571,   572,   574,   579,   580,
          583,   586,   592,   597,   598,   599,   601,   610,   612,   615,
          616,   618,   619,   621,   622,   627,   631,   634,   637,   640,
          642,   643,   647,   648,   649,   652,   653,   655,   657,   661,
          662,   665,   666,   669,   670,   671,   673,   674,   675,   678,
          679,   682,   684,   689,   693,   699,   703,   708,   709,   710,
          711,   713,   714,   715,   723,   737,   738,   739,   740,   741,
          747,   750,   751,   753,   754,   755,   758,   760,   766,   768,
          775,   776,   781,   782,   783,   791,   794,   795,   797,   799,
          800,   803,   813,   814,   819,   820,   821,   822,   827,   831,
          832,   833,   834,   840,   842,   843,   849,   851,   852,   854,
          855,   856,   858,   859,   860,   863,   864,   865,   868,   872,
          873,   874,   875,   876,   879,   880,   881,   882,   883,   885,
          887,   889,   891,   892,   908,   912,   913,   918,   920,   926,
          929,   930,   931,   932,   933,   935,   940,   942,   944,   945,
          946,   948,   950,   951,   953,   958,   961,   962,   964,   966,
          969,   972,   973,   974,   976,   980,   981,   985,   986,   988,
          998,   999,  1002,  1003,  1004,  1005,  1006,  1007,  1009,  1010,
         1017,  1021,  1022,  1026,  1028,  1035,  1036,  1039,  1042,  1045,
         1051,  1053,  1055,  1056,  1057,  1058,  1059,  1060,  1061,  1070,
         1075,  1076,  1077,  1078,  1081,  1089,  1094,  1095,  1097,  1099,
         1100,  1102,  1103,  1104,  1106,  1109,  1110,  1111,  1114,  1117,
         1118,  1122,  1129,  1133,  1135,  1137,  1145,  1148,  1149,  1153,
         1155,  1161,  1162,  1163,  1165,  1166,  1167,  1169,  1170,  1171,
         1172,  1174,  1176,  1177,  1178,  1179,  1180,  1181,  1182,  1184,
         1186,  1200,  1207,  1209,  1211,  1214,  1216,  1217,  1218,  1220,
         1229,  1231,  1232,  1233,  1235,  1237,  1240,  1243,  1248,  1250,
         1252,  1255,  1256,  1257,  1258,  1261,  1263,  1264,  1265,  1266,
         1267,  1273,  1276,  1278,  1280,  1281,  1283,  1284,  1285,  1289,
         1290,  1291,  1293,  1294,  1296,  1297,  1302,  1303,  1309,  1310,
         1313,  1316,  1322,  1323,  1324,  1326,  1330,  1333,  1335,  1338,
         1339,  1340,  1341,  1344,  1347,  1353,  1355,  1360,  1361,  1363,
         1364,  1365,  1368,  1370,  1373,  1375,  1381,  1383,  1384,  1386,
         1387,  1395,  1396,  1398,  1401,  1404,  1405,  1407,  1408,  1409,
         1412,  1413,  1415,  1419,  1420,  1422,  1424,  1428,  1431,  1439,
         1441,  1442,  1443,  1450,  1452,  1453,  1456,  1460,  1463,  1465,
         1468,  1469,  1470,  1471,  1478,  1480,  1481,  1482,  1489,  1490,
         1494,  1497,  1498,  1499,  1501,  1503,  1504,  1506,  1508,  1519,
         1520,  1521,  1522,  1523,  1530,  1532,  1538,  1542,  1543,  1545,
         1550,  1552,  1555,  1561,  1562,  1563,  1565,  1568,  1569,  1572,
         1575,  1576,  1577,  1578,  1579,  1581,  1592,  1593,  1594,  1595,
         1596,  1597,  1598,  1599,  1600,  1602,  1606,  1607,  1608,  1609,
         1610,  1615,  1617,  1618,  1631,  1636,  1637,  1641,  1643,  1644,
         1647,  1651,  1656,  1657,  1658,  1662,  1664,  1665,  1668,  1670,
         1672,  1677,  1679,  1693,  1694,  1695,  1697,  1701,  1703,  1704,
         1706,  1707,  1708,  1714,  1716,  1717,  1718,  1719,  1720,  1721,
         1726,  1729,  1731,  1747,  1749,  1753,  1756,  1758,  1759,  1760,
         1764,  1765,  1766,  1774,  1775,  1776,  1781,  1783,  1785,  1786,
         1787,  1788,  1789,  1792,  1801,  1805,  1810,  1814,  1815,  1817,
         1819,  1822,  1824,  1825,  1827,  1829,  1831,  1840,  1841,  1843,
         1849,  1853,  1854,  1856,  1859,  1862,  1863,  1868,  1870,  1874,
         1878,  1880,  1881,  1883,  1884,  1885,  1886,  1888,  1890,  1894,
         1896,  1897,  1898,  1899,  1901,  1904,  1905,  1906,  1907,  1909,
         1911,  1914,  1916,  1918,  1922,  1923,  1924,  1934,  1935,  1936,
         1944,  1947,  1949,  1958,  1962,  1963,  1965,  1971,  1973,  1974,
         1976,  1979,  1980,  1981,  1982,  1983,  1985,  1987,  1988,  1989,
         1990,  1991,  1992,  1996,  1997,  2000,  2001,  2002,  2007,  2015,
         2019,  2020,  2026,  2032,  2034,  2036,  2040,  2045,  2046,  2049,
         2050,  2051,  2053,  2054,  2056,  2057,  2059,  2067,  2068,  2069,
         2070,  2071,  2074,  2075,  2076,  2080,  2082,  2084,  2085,  2088,
         2089,  2091,  2092,  2094,  2095,  2097,  2102,  2104,  2105,  2107,
         2111,  2112,  2115,  2120,  2122,  2134,  2136,  2137,  2138,  2139,
         2141,  2142,  2143,  2144,  2146,  2147,  2150,  2156,  2158,  2165,
         2166,  2167,  2171,  2174,  2178,  2180,  2182,  2183,  2186,  2188,
         2191,  2192,  2194,  2195,  2196,  2199,  2200,  2201,  2204,  2208,
         2212,  2213,  2220,  2221,  2223,  2229,  2230,  2231,  2234,  2235,
         2241,  2242,  2244,  2248,  2250,  2251,  2252,  2253,  2256,  2257,
         2259,  2260,  2262,  2264,  2265,  2269,  2271,  2272,  2276,  2279,
         2280,  2283,  2286,  2290,  2298,  2300,  2304,  2306,  2308,  2309,
         2310,  2312,  2313,  2315,  2317,  2320,  2321,  2323,  2328,  2334,
         2337,  2339,  2340,  2341,  2343,  2344,  2351,  2353,  2356,  2362,
         2363,  2366,  2367,  2370,  2371,  2372,  2373,  2374,  2375,  2377,
         2378,  2379,  2380,  2381,  2382,  2384,  2385,  2389,  2394,  2395,
         2397,  2398,  2402,  2404,  2405,  2407,  2411,  2412,  2415,  2416,
         2420,  2423,  2424,  2426,  2427,  2429,  2432,  2436,  2437,  2439,
         2443,  2444,  2445,  2446,  2447,  2448,  2449,  2455,  2456,  2457,
         2458,  2467,  2471,  2474,  2486,  2490,  2492,  2493,  2494,  2495,
         2496,  2497,  2508,  2509,  2512,  2514,  2516,  2517,  2518,  2519,
         2520,  2521,  2522,  2525,  2529,  2531,  2539,  2541,  2542,  2543,
         2544,  2545,  2546,  2547,  2548,  2549,  2550,  2552,  2553,  2554,
         2555,  2557,  2560,  2564,  2565,  2566,  2571,  2572,  2578,  2582,
         2584,  2585,  2586,  2587,  2590,  2594,  2595,  2603,  2606,  2608,
         2610,  2611,  2615,  2616,  2620,  2621,  2623,  2628,  2637,  2638,
         2643,  2644,  2645,  2647,  2650,  2651,  2652,  2653,  2657,  2659,
         2660,  2661,  2672,  2673,  2674,  2675,  2676,  2677,  2678,  2679,
         2680,  2682,  2684,  2685,  2691,  2692,  2694,  2697,  2700,  2705,
         2708,  2710,  2714,  2715,  2716,  2718,  2719,  2720,  2724,  2727,
         2730,  2731,  2732,  2733,  2735,  2736,  2738,  2740,  2745,  2746,
         2747,  2752,  2753,  2754,  2756,  2757,  2758,  2759,  2766,  2770,
         2774,  2782,  2784,  2788,  2789,  2790,  2792,  2794,  2797,  2799,
         2801,  2806,  2807,  2808,  2811,  2813,  2816,  2817,  2819,  2820,
         2822,  2823,  2827,  2835,  2836,  2837,  2840,  2843,  2845,  2846,
         2847,  2849,  2851,  2854,  2859,  2865,  2866,  2867,  2868,  2872,
         2876,  2878,  2879,  2882,  2884,  2885,  2888,  2894,  2896,  2897,
         2899,  2901,  2902,  2913,  2914,  2916,  2917,  2918,  2926,  2927,
         2937,  2938,  2942,  2943,  2944,  2945,  2950,  2952,  2954,  2958,
         2960,  2963,  2965,  2968,  2969,  2970,  2972,  2974,  2975,  2982,
         2984,  2985,  2986,  2988,  2990,  2991,  2993,  2994,  2998,  2999,
         3003,  3013,  3017,  3019,  3020,  3021,  3022,  3023,  3030,  3031,
         3032,  3033,  3039,  3040,  3041,  3042,  3043,  3044,  3045,  3049,
         3050,  3056,  3063,  3064,  3067,  3070,  3075,  3076,  3077,  3081,
         3082,  3087,  3089,  3090,  3091,  3093,  3094,  3095,  3096,  3102,
         3104,  3105,  3108,  3111,  3114,  3117,  3118,  3120,  3121,  3122,
         3123,  3124,  3125,  3131,  3133,  3135,  3145,  3147,  3148,  3150,
         3153,  3154,  3155,  3158,  3162,  3172,  3173,  3174,  3179,  3180,
         3184,  3185,  3189,  3192,  3194,  3195,  3200,  3201,  3204,  3205,
         3206,  3207,  3208,  3209,  3211,  3212,  3214,  3223,  3224,  3229,
         3232,  3235,  3240,  3242,  3243,  3249,  3252,  3254,  3255,  3257,
         3259,  3260,  3261,  3265,  3269,  3275,  3278,  3279,  3281,  3284,
         3287,  3288,  3289,  3300,  3309,  3311,  3312,  3313,  3314,  3323,
         3324,  3329,  3337,  3340,  3342,  3348,  3353,  3354,  3355,  3356,
         3360,  3362,  3368,  3369,  3372,  3373,  3374,  3378,  3382,  3384,
         3385,  3388,  3394,  3397,  3398,  3400,  3405,  3409,  3410,  3411,
         3414,  3417,  3418,  3420,  3423,  3424,  3427,  3428,  3429,  3430,
         3431,  3432,  3434,  3435,  3436,  3437,  3438,  3440,  3443,  3447,
         3449,  3452,  3455,  3456,  3457,  3465,  3467,  3471,  3472,  3473,
         3475,  3476,  3479,  3480,  3481,  3482,  3484,  3485,  3486,  3489,
         3490,  3494,  3507,  3514,  3515,  3518,  3520,  3522,  3524,  3526,
         3529,  3530,  3532,  3534,  3539,  3542,  3548,  3550,  3551,  3552,
         3553,  3554,  3556,  3557,  3558,  3559,  3561,  3562,  3563,  3564,
         3570,  3571,  3579,  3582,  3584,  3586,  3587,  3588,  3589,  3590,
         3593,  3594,  3596,  3598,  3599,  3601,  3602,  3603,  3604,  3605,
         3606,  3607,  3611,  3615,  3620,  3622,  3623,  3627,  3629,  3631,
         3636,  3638,  3640,  3642,  3646,  3647,  3650,  3651,  3652,  3655,
         3657,  3658,  3659,  3661,  3663,  3665,  3666,  3670,  3675,  3679,
         3684,  3686,  3687,  3688,  3693,  3694,  3695,  3700,  3701,  3703,
         3704,  3705,  3706,  3707,  3708,  3710,  3711,  3712,  3714,  3715,
         3716,  3718,  3723,  3726,  3727,  3728,  3729,  3731,  3737,  3743,
         3745,  3748,  3750,  3752,  3753,  3754,  3756,  3757,  3758,  3761,
         3763,  3765,  3766,  3769,  3772,  3773,  3775,  3776,  3780,  3787,
         3793,  3795,  3796,  3797,  3800,  3805,  3806,  3809,  3815,  3816,
         3817,  3818,  3819,  3820,  3822,  3823,  3824,  3825,  3826,  3827,
         3828,  3829,  3830,  3833,  3839,  3840,  3843,  3847,  3850,  3851,
         3862,  3865,  3867,  3869,  3870,  3871,  3872,  3874,  3875,  3880,
         3885,  3889,  3894,  3896,  3897,  3900,  3902,  3903,  3904,  3907,
         3908,  3909,  3911,  3916,  3921,  3926,  3930,  3941,  3942,  3947,
         3949,  3951,  3955,  3961,  3966,  3969,  3973,  3974,  3977,  3980,
         3981,  3983,  3985,  3986,  3987,  3988,  3990,  3996,  3997,  3998,
         3999,  4001,  4007,  4010,  4012,  4013,  4015,  4016,  4020,  4021,
         4024,  4030,  4034,  4036,  4038,  4040,  4041,  4056,  4057,  4058,
         4061,  4064,  4065,  4066,  4071,  4072,  4073,  4075,  4076,  4077,
         4078,  4079,  4080,  4081,  4082,  4084,  4085,  4086,  4087,  4091,
         4092,  4094,  4096,  4104,  4106,  4107,  4109,  4110,  4121,  4129,
         4130,  4131,  4139,  4141,  4144,  4146,  4147,  4148,  4149,  4151,
         4153,  4155,  4157,  4165,  4167,  4169,  4170,  4178,  4182,  4183,
         4184,  4185,  4186,  4188,  4189,  4190,  4191,  4192,  4193,  4194,
         4195,  4198,  4199,  4200,  4201,  4202,  4203,  4208,  4210,  4213,
         4220,  4226,  4230,  4233,  4236,  4237,  4248,  4250,  4252,  4254,
         4255,  4256,  4257,  4260,  4262,  4270,  4272,  4273,  4274,  4277,
         4278,  4280,  4287,  4291,  4293,  4298,  4305,  4306,  4307,  4308,
         4310,  4311,  4312,  4313,  4314,  4315,  4316,  4317,  4318,  4319,
         4320,  4323,  4325,  4331,  4336,  4338,  4339,  4341,  4344,  4349,
         4350,  4358,  4359,  4360,  4363,  4366,  4371,  4373,  4376,  4382,
         4383,  4393,  4394,  4399,  4401,  4402,  4405,  4406,  4407,  4408,
         4412,  4414,  4416,  4431,  4432,  4435,  4439,  4442,  4444,  4446,
         4447,  4449,  4456,  4461,  4463,  4468,  4469,  4470,  4473,  4479,
         4480,  4482,  4491,  4495,  4502,  4507,  4518,  4520,  4522,  4528,
         4531,  4537,  4539,  4540,  4541,  4542,  4543,  4544,  4545,  4547,
         4551,  4557,  4559,  4560,  4561,  4562,  4574,  4575,  4578,  4581,
         4588,  4594,  4596,  4598,  4599,  4603,  4606,  4609,  4610,  4611,
         4616,  4618,  4619,  4620,  4631,  4632,  4633,  4650,  4652,  4654,
         4656,  4657,  4658,  4660,  4662,  4664,  4666,  4667,  4679,  4686,
         4687,  4690,  4702,  4706,  4707,  4711,  4714,  4719,  4720,  4722,
         4725,  4729,  4730,  4731,  4735,  4744,  4754,  4762,  4763,  4764,
         4765,  4768,  4769,  4774,  4775,  4776,  4777,  4780,  4781,  4784,
         4785,  4786,  4787,  4792,  4797,  4799,  4800,  4807,  4808,  4810,
         4814,  4815,  4816,  4820,  4825,  4826,  4828,  4830,  4832,  4833,
         4846,  4849,  4850,  4852,  4853,  4854,  4856,  4859,  4863,  4865,
         4866,  4867,  4873,  4874,  4875,  4877,  4885,  4886,  4888,  4905,
         4907,  4908,  4909,  4910,  4911,  4912,  4914,  4919,  4920,  4922,
         4923,  4931,  4932,  4933,  4934,  4935,  4945,  4953,  4954,  4956,
         4957,  4958,  4961,  4971,  4977,  4978,  4987,  4988,  4997,  5002,
         5003,  5006,  5014,  5015,  5016,  5019,  5022,  5024,  5025,  5026,
         5027,  5028,  5029,  5030,  5032,  5034,  5037,  5039,  5040,  5041,
         5043,  5048,  5051,  5052,  5054,  5057,  5058,  5059,  5060,  5061,
         5064,  5065,  5073,  5075,  5078,  5082,  5085,  5090,  5096,  5097,
         5101,  5104,  5109,  5110,  5111,  5112,  5114,  5115,  5121,  5123,
         5132,  5133,  5135,  5147,  5148,  5154,  5158,  5164,  5170,  5172,
         5174,  5177,  5182,  5183,  5185,  5188,  5190,  5197,  5199,  5203,
         5205,  5211,  5218,  5221,  5224,  5226,  5227,  5232,  5238,  5242,
         5255,  5257,  5260,  5264,  5270,  5277,  5278,  5279,  5280,  5281,
         5283,  5287,  5290,  5294,  5298,  5299,  5300,  5301,  5303,  5306,
         5307,  5308,  5311,  5312,  5313,  5314,  5315,  5317,  5319,  5321,
         5332,  5335,  5338,  5339,  5340,  5341,  5345,  5346,  5348,  5355,
         5356,  5358,  5359,  5361,  5366,  5368,  5369,  5370,  5371,  5373,
         5374,  5378,  5379,  5380,  5381,  5388,  5396,  5398,  5402,  5403,
         5407,  5413,  5417,  5424,  5425
Total non-polymorphic = 2083


Population     2 [LS_01]  (Number of Individuals = 29)
****************
--------------------------------------------------------------------------
Lowest Allele Frequency Used     0.050       0.020       0.010         0+
--------------------------------------------------------------------------

LINKAGE DISEQUILIBRIUM METHOD

Harmonic Mean Sample Size =       29.0        29.0        29.0        29.0
Independent Comparisons =    1863415     2893215     5586153     5586153
OverAll r^2 =                 0.045285    0.044339    0.042620    0.042620
Expected r^2 Sample =         0.038355    0.038355    0.038355    0.038355
Estimated Ne^ =                   42.7        49.7        70.5        70.5

95% CIs for Ne^
* Parametric                      42.1        49.1        69.7        69.7
                                  43.3        50.4        71.3        71.3

* JackKnife on Samples            27.8        32.7        47.0        47.0
                                  78.9        91.7       129.5       129.5


HETEROZYGOTE EXCESS METHOD

Harmonic Mean Sample Size =       29.0        29.0        29.0        29.0 
Independent Alleles =           1931        2406        3343        3343  
Weighted Mean D =             -0.04302    -0.04369    -0.03144    -0.03144
Estimated Neb^  =             Infinite    Infinite    Infinite    Infinite

95% CIs for Nb:
* Parametric                  Infinite    Infinite    Infinite    Infinite
                              Infinite    Infinite    Infinite    Infinite

MOLECULAR COANCESTRY METHOD

Harmonic Mean Sample Size =                                           29.0
OverAll f1^    =                                                   0.17467
Estimated Neb^ =                                                       2.9

95% CIs for Ne^
* Jackknife on Loci                                                    2.6
                                                                       3.2
**************************************************************************

Population: CZ_01/LS_01,	2 Samples,	Sample Sizes: 50/29

TEMPORAL METHODS (Pollak, Nei/Tajima, Jorde/Ryman), Plan II.
--------------------------------------------------------------------------
Lowest Allele Frequency Used     0.050       0.020       0.010         0+
==========================================================================
Samples    1[CZ_01] & 2[LS_01]
Generations     0.0 & 1.5    

   Independent Alleles =        1881        2718        3825        5426
   -----------------------------------------------------------------------
  (Pollak)
   Harmonic Mean Samp Size =      36.7        36.7        36.7        36.7
                 Fk =          0.08399     0.07741     0.06739     0.05459
                 F' =          0.05675     0.05017     0.04014     0.02735
               * Ne =             13.2        14.9        18.7        27.4

     95% CIs for Ne:
     * Parametric                 12.0        13.8        17.3        25.5
                                  14.5        16.2        20.1        29.6
     * Jackknife on Loci          12.1        13.9        17.5        25.6
                                  14.4        16.1        20.0        29.4
   -----------------------------------------------------------------------
  (Nei/Tajima)
   Harmonic Mean Samp Size =      36.7        36.7        36.7        36.7
                 Fc =          0.07972     0.07392     0.06472     0.05267
                 F' =          0.05248     0.04668     0.03748     0.02543
               * Ne =             14.3        16.1        20.0        29.5

     95% CIs for Ne:
     * Parametric                 13.0        14.8        18.5        27.3
                                  15.8        17.5        21.6        31.9
     * Jackknife on Loci          13.1        15.0        18.8        27.5
                                  15.5        17.2        21.3        31.6
   -----------------------------------------------------------------------
  (Jorde/Ryman)
   Harmonic Mean Samp Size =      36.7        36.7        36.7        36.7
                 Fs =          0.08588     0.08405     0.08195     0.08020
                 F' =          0.05783     0.05605     0.05400     0.05229
               * Ne =             13.0        13.4        13.9        14.3

     95% CIs for Ne:
     * Parametric                 12.2        12.7        13.3        13.8
                                  13.8        14.1        14.5        14.9
     * Jackknife on Loci          11.8        12.2        12.7        13.1
                                  14.4        14.7        15.3        15.8
==========================================================================

Ending time: Fri May  9 00:30:27 2025
-------------------------------------

