Output from NeEstimator v.2
Starting time: Fri May  9 00:38:36 2025
Input File: "qmacd_ref_gen_qrob_ns_PZ.txt"

Number of Loci = 5426

Non-polymorphic loci:    20,    75,    77,    81,    98,   103,   164,   182,
          285,   330,   331,   338,   377,   385,   388,   389,   403,   453,
          485,   489,   553,   556,   559,   564,   573,   695,   735,   759,
          779,   786,   787,   788,   789,   808,   837,   846,   861,   919,
          923,   924,   938,   989,   993,   996,  1064,  1068,  1086,  1105,
         1125,  1132,  1136,  1164,  1382,  1393,  1434,  1435,  1449,  1455,
         1458,  1459,  1488,  1493,  1509,  1588,  1589,  1604,  1611,  1614,
         1762,  1768,  1771,  1852,  1927,  1932,  1937,  1940,  1999,  2055,
         2086,  2219,  2301,  2302,  2387,  2417,  2419,  2451,  2452,  2453,
         2454,  2478,  2482,  2506,  2527,  2656,  2670,  2696,  2698,  2750,
         2761,  2812,  2855,  2875,  2890,  2923,  2934,  2940,  2956,  2978,
         2995,  3055,  3098,  3099,  3100,  3101,  3163,  3178,  3220,  3221,
         3283,  3286,  3290,  3332,  3334,  3361,  3370,  3383,  3519,  3521,
         3583,  3672,  3732,  3735,  3881,  3886,  3935,  3936,  3937,  3938,
         3964,  3968,  3970,  4043,  4053,  4074,  4083,  4105,  4136,  4150,
         4223,  4234,  4235,  4247,  4265,  4269,  4302,  4395,  4409,  4417,
         4422,  4527,  4571,  4586,  4587,  4589,  4597,  4600,  4602,  4604,
         4688,  4746,  4755,  4778,  4803,  4806,  4860,  4864,  4879,  4892,
         4949,  4965,  4975,  4995,  4999,  5001,  5116,  5120,  5163,  5230,
         5269,  5284,  5296,  5297,  5331,  5375,  5377,  5410,  5414,  5420,
         5421
Total non-polymorphic = 199

LD mating model: Random

Population     1 [CZ_01]  (Number of Individuals = 67)
****************
--------------------------------------------------------------------------
Lowest Allele Frequency Used     0.050       0.020       0.010         0+
--------------------------------------------------------------------------

LINKAGE DISEQUILIBRIUM METHOD

Harmonic Mean Sample Size =       67.0        67.0        67.0        67.0
Independent Comparisons =    1766260     4444671     6721611    13658151
OverAll r^2 =                 0.017025    0.016813    0.016777    0.017310
Expected r^2 Sample =         0.015636    0.015636    0.015636    0.015636
Estimated Ne^ =                  237.9       281.1       290.2       197.1

95% CIs for Ne^
* Parametric                     231.9       275.9       285.7       195.5
                                 244.2       286.5       294.8       198.6

* JackKnife on Samples           186.7       207.5       213.5        99.7
                                 323.3       426.2       442.9      1231.0


HETEROZYGOTE EXCESS METHOD

Harmonic Mean Sample Size =       67.0        67.0        67.0        67.0 
Independent Alleles =           1880        2982        3667        5227  
Weighted Mean D =             -0.06008    -0.05800    -0.05454    -0.03827
Estimated Neb^  =             Infinite    Infinite    Infinite    Infinite

95% CIs for Nb:
* Parametric                  Infinite    Infinite    Infinite    Infinite
                              Infinite    Infinite    Infinite    Infinite

MOLECULAR COANCESTRY METHOD

Harmonic Mean Sample Size =                                           67.0
OverAll f1^    =                                                   0.79023
Estimated Neb^ =                                                       0.6

95% CIs for Ne^
* Jackknife on Loci                                                    0.6
                                                                       0.6
**************************************************************************

Time: Fri May  9 01:51:33 2025

Non-polymorphic loci:     2,     4,     5,     6,    15,    21,    22,    24,
           25,    26,    27,    29,    33,    34,    39,    40,    42,    44,
           45,    46,    47,    49,    50,    51,    52,    53,    55,    56,
           62,    63,    64,    65,    66,    67,    68,    70,    72,    76,
           78,    79,    82,    83,    84,    88,    89,    90,    92,    93,
           94,    96,    97,   108,   110,   111,   112,   114,   116,   117,
          119,   120,   121,   126,   128,   132,   133,   134,   137,   138,
          139,   140,   141,   144,   145,   147,   148,   151,   153,   154,
          156,   159,   167,   169,   171,   173,   174,   175,   176,   177,
          178,   179,   180,   181,   183,   184,   186,   187,   188,   191,
          192,   193,   195,   196,   197,   198,   199,   201,   203,   206,
          207,   209,   210,   211,   212,   213,   214,   215,   222,   223,
          224,   225,   226,   227,   228,   229,   230,   231,   232,   233,
          234,   235,   236,   240,   241,   242,   243,   246,   247,   249,
          250,   251,   252,   255,   256,   259,   260,   262,   264,   265,
          266,   268,   269,   270,   271,   272,   273,   277,   281,   286,
          288,   290,   292,   294,   295,   296,   297,   298,   299,   300,
          301,   302,   303,   304,   305,   306,   308,   309,   310,   312,
          314,   317,   318,   321,   322,   323,   324,   325,   327,   329,
          332,   333,   334,   337,   339,   341,   342,   344,   348,   351,
          353,   355,   356,   357,   358,   359,   360,   361,   364,   365,
          366,   367,   368,   369,   371,   372,   373,   374,   375,   378,
          379,   380,   382,   383,   384,   386,   387,   390,   391,   392,
          393,   394,   395,   397,   398,   399,   400,   401,   402,   404,
          405,   406,   407,   408,   409,   410,   411,   418,   419,   421,
          423,   428,   431,   432,   433,   435,   436,   438,   439,   441,
          442,   446,   448,   449,   455,   456,   457,   458,   459,   460,
          461,   462,   464,   465,   466,   467,   468,   469,   472,   473,
          474,   475,   477,   479,   480,   482,   483,   484,   491,   492,
          494,   495,   498,   501,   503,   506,   507,   508,   509,   512,
          513,   514,   516,   517,   519,   520,   523,   524,   525,   526,
          527,   528,   529,   530,   531,   532,   534,   535,   536,   537,
          538,   543,   544,   546,   548,   551,   552,   554,   555,   557,
          558,   560,   561,   562,   563,   566,   567,   568,   569,   571,
          572,   574,   575,   578,   579,   580,   582,   583,   586,   589,
          592,   597,   598,   599,   601,   602,   603,   604,   607,   608,
          610,   612,   614,   615,   616,   618,   619,   621,   622,   627,
          631,   634,   635,   636,   637,   640,   641,   642,   643,   644,
          645,   647,   648,   649,   651,   652,   653,   655,   657,   661,
          662,   665,   666,   667,   669,   670,   671,   672,   673,   674,
          675,   676,   677,   678,   679,   682,   684,   689,   691,   693,
          699,   703,   707,   708,   709,   710,   711,   713,   714,   715,
          722,   723,   726,   730,   737,   738,   739,   740,   741,   745,
          746,   747,   749,   750,   751,   752,   753,   754,   755,   758,
          760,   761,   764,   765,   766,   768,   775,   776,   777,   780,
          781,   782,   783,   784,   785,   791,   794,   795,   797,   799,
          800,   801,   802,   803,   805,   806,   807,   809,   810,   811,
          812,   813,   814,   819,   820,   821,   822,   823,   824,   826,
          827,   828,   831,   832,   833,   834,   835,   840,   842,   843,
          844,   848,   849,   851,   852,   854,   855,   856,   858,   859,
          860,   862,   863,   864,   865,   868,   870,   871,   872,   873,
          874,   875,   876,   877,   878,   879,   880,   881,   882,   883,
          884,   885,   886,   887,   888,   889,   891,   892,   893,   895,
          896,   897,   901,   903,   908,   912,   913,   914,   916,   918,
          920,   921,   922,   926,   929,   930,   931,   932,   933,   935,
          936,   940,   942,   944,   945,   946,   947,   948,   950,   951,
          953,   958,   959,   960,   961,   962,   964,   966,   969,   972,
          973,   974,   975,   976,   978,   980,   981,   982,   983,   984,
          985,   986,   988,   992,   995,   998,   999,  1002,  1003,  1004,
         1005,  1006,  1007,  1009,  1010,  1017,  1021,  1022,  1026,  1027,
         1028,  1035,  1036,  1037,  1039,  1042,  1045,  1047,  1050,  1051,
         1052,  1053,  1055,  1056,  1057,  1058,  1059,  1060,  1061,  1065,
         1070,  1073,  1075,  1076,  1077,  1078,  1081,  1082,  1083,  1085,
         1089,  1093,  1094,  1095,  1097,  1098,  1099,  1100,  1102,  1103,
         1104,  1106,  1109,  1110,  1111,  1114,  1116,  1117,  1118,  1122,
         1126,  1129,  1133,  1135,  1137,  1138,  1139,  1141,  1142,  1143,
         1144,  1145,  1146,  1147,  1148,  1149,  1150,  1151,  1152,  1153,
         1155,  1158,  1160,  1161,  1162,  1163,  1165,  1166,  1167,  1169,
         1170,  1171,  1172,  1174,  1176,  1177,  1178,  1179,  1180,  1181,
         1182,  1183,  1184,  1186,  1189,  1190,  1192,  1193,  1196,  1197,
         1200,  1205,  1206,  1207,  1209,  1211,  1214,  1215,  1216,  1217,
         1218,  1220,  1223,  1228,  1229,  1231,  1232,  1233,  1234,  1235,
         1236,  1237,  1240,  1241,  1243,  1248,  1249,  1250,  1252,  1255,
         1256,  1257,  1258,  1260,  1261,  1262,  1263,  1264,  1265,  1266,
         1267,  1268,  1273,  1275,  1276,  1277,  1278,  1279,  1280,  1281,
         1282,  1283,  1284,  1285,  1287,  1289,  1290,  1291,  1293,  1294,
         1296,  1297,  1298,  1299,  1300,  1302,  1303,  1305,  1306,  1308,
         1309,  1310,  1312,  1313,  1316,  1319,  1322,  1323,  1324,  1325,
         1326,  1330,  1333,  1334,  1335,  1338,  1339,  1340,  1341,  1344,
         1345,  1347,  1348,  1349,  1353,  1354,  1355,  1356,  1358,  1359,
         1360,  1361,  1363,  1364,  1365,  1366,  1367,  1368,  1369,  1370,
         1371,  1373,  1374,  1375,  1376,  1377,  1380,  1381,  1383,  1384,
         1386,  1387,  1389,  1395,  1396,  1398,  1401,  1404,  1405,  1407,
         1408,  1409,  1410,  1411,  1412,  1413,  1414,  1415,  1416,  1418,
         1419,  1420,  1422,  1423,  1424,  1426,  1428,  1431,  1432,  1439,
         1441,  1442,  1443,  1447,  1450,  1451,  1452,  1453,  1456,  1460,
         1463,  1465,  1468,  1469,  1470,  1471,  1478,  1480,  1481,  1482,
         1489,  1490,  1491,  1492,  1494,  1497,  1498,  1499,  1500,  1501,
         1502,  1503,  1504,  1505,  1506,  1508,  1514,  1517,  1519,  1520,
         1521,  1522,  1523,  1530,  1532,  1537,  1538,  1540,  1542,  1543,
         1544,  1545,  1547,  1550,  1551,  1552,  1553,  1554,  1555,  1556,
         1557,  1558,  1561,  1562,  1563,  1564,  1565,  1568,  1569,  1572,
         1575,  1576,  1577,  1578,  1579,  1580,  1581,  1582,  1583,  1584,
         1585,  1586,  1587,  1591,  1592,  1593,  1594,  1595,  1596,  1597,
         1598,  1599,  1600,  1602,  1606,  1607,  1608,  1609,  1610,  1612,
         1615,  1617,  1618,  1620,  1623,  1625,  1626,  1628,  1631,  1632,
         1636,  1637,  1639,  1641,  1642,  1643,  1644,  1645,  1647,  1649,
         1651,  1653,  1656,  1657,  1658,  1661,  1662,  1664,  1665,  1666,
         1667,  1668,  1669,  1670,  1671,  1672,  1673,  1674,  1675,  1677,
         1679,  1682,  1684,  1687,  1688,  1690,  1691,  1693,  1694,  1695,
         1696,  1697,  1701,  1703,  1704,  1706,  1707,  1708,  1713,  1714,
         1716,  1717,  1718,  1719,  1720,  1721,  1726,  1729,  1731,  1747,
         1749,  1750,  1752,  1753,  1754,  1756,  1758,  1759,  1760,  1764,
         1765,  1766,  1767,  1773,  1774,  1775,  1776,  1777,  1780,  1781,
         1783,  1784,  1785,  1786,  1787,  1788,  1789,  1791,  1792,  1795,
         1796,  1797,  1798,  1799,  1800,  1801,  1805,  1809,  1810,  1811,
         1812,  1814,  1815,  1816,  1817,  1818,  1819,  1821,  1822,  1823,
         1824,  1825,  1826,  1827,  1829,  1831,  1838,  1840,  1841,  1843,
         1847,  1849,  1853,  1854,  1856,  1858,  1859,  1860,  1861,  1862,
         1863,  1864,  1865,  1866,  1868,  1870,  1874,  1875,  1878,  1880,
         1881,  1883,  1884,  1885,  1886,  1887,  1888,  1890,  1892,  1894,
         1896,  1897,  1898,  1899,  1901,  1904,  1905,  1906,  1907,  1909,
         1911,  1914,  1916,  1917,  1918,  1922,  1923,  1924,  1931,  1934,
         1935,  1936,  1938,  1944,  1947,  1949,  1950,  1953,  1954,  1955,
         1956,  1958,  1959,  1960,  1962,  1963,  1965,  1971,  1973,  1974,
         1976,  1979,  1980,  1981,  1982,  1983,  1984,  1985,  1986,  1987,
         1988,  1989,  1990,  1991,  1992,  1993,  1994,  1995,  1996,  1997,
         2000,  2001,  2002,  2003,  2004,  2006,  2007,  2010,  2012,  2015,
         2019,  2020,  2023,  2026,  2032,  2033,  2034,  2035,  2036,  2038,
         2040,  2045,  2046,  2047,  2049,  2050,  2051,  2053,  2054,  2056,
         2057,  2059,  2060,  2061,  2067,  2068,  2069,  2070,  2071,  2072,
         2074,  2075,  2076,  2080,  2081,  2082,  2083,  2084,  2085,  2087,
         2088,  2089,  2090,  2091,  2092,  2094,  2095,  2097,  2102,  2104,
         2105,  2107,  2109,  2111,  2112,  2113,  2114,  2115,  2116,  2118,
         2119,  2120,  2122,  2134,  2136,  2137,  2138,  2139,  2140,  2141,
         2142,  2143,  2144,  2146,  2147,  2149,  2150,  2151,  2156,  2158,
         2164,  2165,  2166,  2167,  2171,  2174,  2177,  2178,  2179,  2180,
         2182,  2183,  2184,  2186,  2188,  2190,  2191,  2192,  2194,  2195,
         2196,  2197,  2198,  2199,  2200,  2201,  2202,  2203,  2204,  2205,
         2206,  2207,  2208,  2211,  2212,  2213,  2220,  2221,  2223,  2224,
         2226,  2227,  2229,  2230,  2231,  2233,  2234,  2235,  2237,  2239,
         2240,  2241,  2242,  2244,  2246,  2248,  2250,  2251,  2252,  2253,
         2255,  2256,  2257,  2258,  2259,  2260,  2261,  2262,  2263,  2264,
         2265,  2269,  2271,  2272,  2275,  2276,  2279,  2280,  2282,  2283,
         2284,  2286,  2288,  2290,  2293,  2296,  2298,  2300,  2303,  2304,
         2306,  2308,  2309,  2310,  2311,  2312,  2313,  2315,  2317,  2320,
         2321,  2323,  2324,  2326,  2328,  2331,  2334,  2335,  2337,  2339,
         2340,  2341,  2342,  2343,  2344,  2347,  2350,  2351,  2353,  2356,
         2358,  2359,  2360,  2361,  2362,  2363,  2366,  2367,  2368,  2370,
         2371,  2372,  2373,  2374,  2375,  2377,  2378,  2379,  2380,  2381,
         2382,  2384,  2385,  2386,  2388,  2389,  2394,  2395,  2397,  2398,
         2402,  2404,  2405,  2406,  2407,  2409,  2410,  2411,  2412,  2415,
         2416,  2420,  2422,  2423,  2424,  2425,  2426,  2427,  2429,  2430,
         2432,  2435,  2436,  2437,  2439,  2441,  2443,  2444,  2445,  2446,
         2447,  2448,  2449,  2455,  2456,  2457,  2458,  2459,  2463,  2465,
         2467,  2471,  2473,  2474,  2476,  2477,  2479,  2480,  2481,  2486,
         2490,  2492,  2493,  2494,  2495,  2496,  2497,  2500,  2501,  2502,
         2503,  2504,  2508,  2509,  2512,  2514,  2515,  2516,  2517,  2518,
         2519,  2520,  2521,  2522,  2523,  2525,  2529,  2531,  2539,  2541,
         2542,  2543,  2544,  2545,  2546,  2547,  2548,  2549,  2550,  2552,
         2553,  2554,  2555,  2557,  2560,  2563,  2564,  2565,  2566,  2568,
         2569,  2570,  2571,  2572,  2576,  2577,  2578,  2579,  2580,  2581,
         2582,  2583,  2584,  2585,  2586,  2587,  2588,  2590,  2593,  2594,
         2595,  2600,  2601,  2602,  2603,  2604,  2605,  2606,  2607,  2608,
         2610,  2611,  2615,  2616,  2620,  2621,  2623,  2624,  2625,  2626,
         2627,  2628,  2629,  2630,  2631,  2635,  2636,  2637,  2638,  2639,
         2640,  2641,  2642,  2643,  2644,  2645,  2647,  2650,  2651,  2652,
         2653,  2654,  2657,  2659,  2660,  2661,  2666,  2672,  2673,  2674,
         2675,  2676,  2677,  2678,  2679,  2680,  2681,  2682,  2683,  2684,
         2685,  2686,  2687,  2688,  2689,  2691,  2692,  2694,  2695,  2697,
         2699,  2700,  2702,  2704,  2705,  2706,  2707,  2708,  2709,  2710,
         2714,  2715,  2716,  2718,  2719,  2720,  2724,  2727,  2730,  2731,
         2732,  2733,  2735,  2736,  2738,  2740,  2745,  2746,  2747,  2752,
         2753,  2754,  2756,  2757,  2758,  2759,  2760,  2762,  2763,  2764,
         2765,  2766,  2767,  2768,  2769,  2770,  2771,  2774,  2782,  2783,
         2784,  2788,  2789,  2790,  2792,  2793,  2794,  2797,  2799,  2801,
         2803,  2806,  2807,  2808,  2809,  2810,  2811,  2813,  2816,  2817,
         2818,  2819,  2820,  2822,  2823,  2824,  2825,  2826,  2827,  2828,
         2831,  2835,  2836,  2837,  2840,  2843,  2845,  2846,  2847,  2849,
         2850,  2851,  2854,  2859,  2865,  2866,  2867,  2868,  2870,  2872,
         2873,  2876,  2877,  2878,  2879,  2880,  2882,  2884,  2885,  2886,
         2887,  2888,  2889,  2891,  2893,  2894,  2896,  2897,  2899,  2901,
         2902,  2909,  2912,  2913,  2914,  2915,  2916,  2917,  2918,  2919,
         2920,  2921,  2922,  2926,  2927,  2931,  2932,  2936,  2937,  2938,
         2939,  2941,  2942,  2943,  2944,  2945,  2948,  2950,  2951,  2952,
         2953,  2954,  2955,  2957,  2958,  2960,  2963,  2964,  2965,  2966,
         2967,  2968,  2969,  2970,  2972,  2973,  2974,  2975,  2976,  2982,
         2984,  2985,  2986,  2987,  2988,  2989,  2990,  2991,  2992,  2993,
         2994,  2998,  2999,  3003,  3005,  3008,  3013,  3017,  3019,  3020,
         3021,  3022,  3023,  3027,  3028,  3030,  3031,  3032,  3033,  3036,
         3039,  3040,  3041,  3042,  3043,  3044,  3045,  3046,  3048,  3049,
         3050,  3056,  3057,  3059,  3063,  3064,  3065,  3066,  3067,  3068,
         3070,  3073,  3075,  3076,  3077,  3081,  3082,  3084,  3085,  3087,
         3089,  3090,  3091,  3093,  3094,  3095,  3096,  3097,  3102,  3104,
         3105,  3108,  3111,  3114,  3117,  3118,  3119,  3120,  3121,  3122,
         3123,  3124,  3125,  3131,  3133,  3135,  3136,  3138,  3145,  3146,
         3147,  3148,  3150,  3153,  3154,  3155,  3157,  3158,  3159,  3162,
         3164,  3165,  3166,  3167,  3168,  3169,  3170,  3171,  3172,  3173,
         3174,  3177,  3179,  3180,  3183,  3184,  3185,  3188,  3189,  3192,
         3193,  3194,  3195,  3196,  3200,  3201,  3202,  3203,  3204,  3205,
         3206,  3207,  3208,  3209,  3211,  3212,  3214,  3217,  3218,  3219,
         3223,  3224,  3229,  3230,  3232,  3235,  3240,  3242,  3243,  3244,
         3249,  3252,  3254,  3255,  3256,  3257,  3259,  3260,  3261,  3262,
         3263,  3264,  3265,  3266,  3267,  3269,  3275,  3278,  3279,  3281,
         3284,  3287,  3288,  3289,  3300,  3303,  3307,  3309,  3311,  3312,
         3313,  3314,  3316,  3317,  3323,  3324,  3325,  3327,  3329,  3330,
         3335,  3337,  3340,  3342,  3344,  3347,  3348,  3349,  3350,  3351,
         3353,  3354,  3355,  3356,  3358,  3359,  3360,  3362,  3368,  3369,
         3371,  3372,  3373,  3374,  3378,  3382,  3384,  3385,  3386,  3388,
         3390,  3392,  3393,  3394,  3395,  3396,  3397,  3398,  3399,  3400,
         3401,  3402,  3403,  3405,  3406,  3409,  3410,  3411,  3413,  3414,
         3415,  3417,  3418,  3420,  3423,  3424,  3427,  3428,  3429,  3430,
         3431,  3432,  3434,  3435,  3436,  3437,  3438,  3440,  3441,  3442,
         3443,  3444,  3445,  3447,  3448,  3449,  3451,  3452,  3455,  3456,
         3457,  3460,  3462,  3463,  3465,  3466,  3467,  3471,  3472,  3473,
         3474,  3475,  3476,  3477,  3478,  3479,  3480,  3481,  3482,  3484,
         3485,  3486,  3487,  3488,  3489,  3490,  3491,  3492,  3493,  3494,
         3496,  3499,  3500,  3501,  3504,  3507,  3514,  3515,  3516,  3517,
         3518,  3520,  3522,  3524,  3526,  3529,  3530,  3531,  3532,  3533,
         3534,  3535,  3538,  3539,  3540,  3541,  3542,  3543,  3545,  3546,
         3548,  3550,  3551,  3552,  3553,  3554,  3555,  3556,  3557,  3558,
         3559,  3561,  3562,  3563,  3564,  3566,  3569,  3570,  3571,  3572,
         3576,  3578,  3579,  3581,  3582,  3584,  3585,  3586,  3587,  3588,
         3589,  3590,  3593,  3594,  3596,  3597,  3598,  3599,  3600,  3601,
         3602,  3603,  3604,  3605,  3606,  3607,  3609,  3611,  3614,  3615,
         3620,  3621,  3622,  3623,  3626,  3627,  3629,  3630,  3631,  3632,
         3633,  3636,  3638,  3640,  3642,  3645,  3646,  3647,  3649,  3650,
         3651,  3652,  3653,  3655,  3657,  3658,  3659,  3660,  3661,  3663,
         3665,  3666,  3668,  3670,  3671,  3675,  3679,  3680,  3684,  3686,
         3687,  3688,  3690,  3691,  3693,  3694,  3695,  3696,  3700,  3701,
         3703,  3704,  3705,  3706,  3707,  3708,  3710,  3711,  3712,  3714,
         3715,  3716,  3717,  3718,  3723,  3724,  3725,  3726,  3727,  3728,
         3729,  3730,  3731,  3737,  3743,  3745,  3747,  3748,  3750,  3751,
         3752,  3753,  3754,  3755,  3756,  3757,  3758,  3761,  3763,  3765,
         3766,  3769,  3770,  3772,  3773,  3775,  3776,  3780,  3787,  3788,
         3791,  3793,  3795,  3796,  3797,  3800,  3803,  3804,  3805,  3806,
         3807,  3808,  3809,  3815,  3816,  3817,  3818,  3819,  3820,  3822,
         3823,  3824,  3825,  3826,  3827,  3828,  3829,  3830,  3831,  3833,
         3839,  3840,  3842,  3843,  3844,  3846,  3847,  3848,  3850,  3851,
         3853,  3856,  3860,  3862,  3863,  3865,  3866,  3867,  3868,  3869,
         3870,  3871,  3872,  3874,  3875,  3876,  3880,  3884,  3885,  3887,
         3889,  3891,  3894,  3896,  3897,  3900,  3901,  3902,  3903,  3904,
         3905,  3907,  3908,  3909,  3910,  3911,  3912,  3913,  3914,  3915,
         3916,  3917,  3918,  3921,  3923,  3924,  3926,  3930,  3934,  3939,
         3941,  3942,  3944,  3947,  3949,  3950,  3951,  3955,  3956,  3959,
         3961,  3966,  3967,  3969,  3973,  3974,  3975,  3976,  3977,  3980,
         3981,  3983,  3985,  3986,  3987,  3988,  3989,  3990,  3991,  3992,
         3996,  3997,  3998,  3999,  4000,  4001,  4002,  4007,  4008,  4010,
         4011,  4012,  4013,  4014,  4015,  4016,  4020,  4021,  4024,  4028,
         4029,  4030,  4034,  4036,  4038,  4040,  4041,  4042,  4044,  4051,
         4054,  4055,  4056,  4057,  4058,  4059,  4061,  4062,  4064,  4065,
         4066,  4067,  4068,  4069,  4070,  4071,  4072,  4073,  4075,  4076,
         4077,  4078,  4079,  4080,  4081,  4082,  4084,  4085,  4086,  4087,
         4088,  4090,  4091,  4092,  4093,  4094,  4096,  4099,  4104,  4106,
         4107,  4109,  4110,  4121,  4122,  4129,  4130,  4131,  4132,  4133,
         4135,  4139,  4140,  4141,  4144,  4145,  4146,  4147,  4148,  4149,
         4151,  4152,  4153,  4154,  4155,  4157,  4162,  4163,  4165,  4166,
         4167,  4169,  4170,  4173,  4174,  4175,  4178,  4182,  4183,  4184,
         4185,  4186,  4188,  4189,  4190,  4191,  4192,  4193,  4194,  4195,
         4198,  4199,  4200,  4201,  4202,  4203,  4208,  4210,  4213,  4218,
         4219,  4220,  4221,  4224,  4226,  4230,  4232,  4233,  4236,  4237,
         4248,  4250,  4251,  4252,  4253,  4254,  4255,  4256,  4257,  4260,
         4262,  4264,  4268,  4270,  4271,  4272,  4273,  4274,  4277,  4278,
         4279,  4280,  4284,  4287,  4288,  4291,  4293,  4294,  4295,  4297,
         4298,  4299,  4300,  4304,  4305,  4306,  4307,  4308,  4310,  4311,
         4312,  4313,  4314,  4315,  4316,  4317,  4318,  4319,  4320,  4323,
         4325,  4328,  4331,  4333,  4336,  4338,  4339,  4340,  4341,  4343,
         4344,  4349,  4350,  4351,  4358,  4359,  4360,  4363,  4366,  4367,
         4368,  4369,  4370,  4371,  4372,  4373,  4376,  4379,  4381,  4382,
         4383,  4386,  4387,  4388,  4390,  4391,  4393,  4394,  4397,  4399,
         4401,  4402,  4403,  4405,  4406,  4407,  4408,  4412,  4414,  4416,
         4425,  4426,  4430,  4431,  4432,  4434,  4435,  4439,  4442,  4444,
         4446,  4447,  4449,  4456,  4458,  4460,  4461,  4463,  4464,  4466,
         4468,  4469,  4470,  4471,  4473,  4474,  4475,  4479,  4480,  4482,
         4487,  4488,  4490,  4491,  4492,  4494,  4495,  4498,  4499,  4500,
         4501,  4502,  4507,  4510,  4512,  4514,  4516,  4518,  4520,  4521,
         4522,  4524,  4525,  4528,  4529,  4531,  4534,  4537,  4538,  4539,
         4540,  4541,  4542,  4543,  4544,  4545,  4547,  4549,  4551,  4552,
         4554,  4556,  4557,  4559,  4560,  4561,  4562,  4563,  4564,  4565,
         4566,  4567,  4568,  4569,  4574,  4575,  4576,  4578,  4581,  4584,
         4588,  4592,  4594,  4596,  4598,  4599,  4601,  4603,  4606,  4607,
         4609,  4610,  4611,  4616,  4617,  4618,  4619,  4620,  4621,  4631,
         4632,  4633,  4636,  4638,  4641,  4643,  4644,  4646,  4649,  4650,
         4651,  4652,  4654,  4656,  4657,  4658,  4660,  4662,  4663,  4664,
         4665,  4666,  4667,  4668,  4669,  4670,  4671,  4672,  4673,  4674,
         4675,  4676,  4679,  4680,  4682,  4683,  4685,  4686,  4687,  4689,
         4690,  4697,  4700,  4701,  4702,  4704,  4706,  4707,  4708,  4711,
         4714,  4715,  4716,  4717,  4718,  4719,  4720,  4721,  4722,  4723,
         4725,  4726,  4728,  4729,  4730,  4731,  4732,  4734,  4735,  4737,
         4739,  4741,  4744,  4747,  4748,  4749,  4751,  4753,  4754,  4756,
         4757,  4762,  4763,  4764,  4765,  4766,  4767,  4768,  4769,  4770,
         4771,  4774,  4775,  4776,  4777,  4780,  4781,  4784,  4785,  4786,
         4787,  4792,  4794,  4795,  4796,  4797,  4798,  4799,  4800,  4805,
         4807,  4808,  4809,  4810,  4812,  4813,  4814,  4815,  4816,  4817,
         4818,  4820,  4825,  4826,  4827,  4828,  4829,  4830,  4832,  4833,
         4843,  4844,  4845,  4846,  4847,  4848,  4849,  4850,  4852,  4853,
         4854,  4856,  4858,  4859,  4861,  4863,  4865,  4866,  4867,  4873,
         4874,  4875,  4877,  4881,  4883,  4884,  4885,  4886,  4887,  4888,
         4900,  4901,  4902,  4903,  4905,  4907,  4908,  4909,  4910,  4911,
         4912,  4913,  4914,  4919,  4920,  4922,  4923,  4924,  4926,  4929,
         4931,  4932,  4933,  4934,  4935,  4936,  4941,  4945,  4947,  4953,
         4954,  4956,  4957,  4958,  4959,  4960,  4961,  4964,  4966,  4967,
         4968,  4969,  4970,  4971,  4976,  4977,  4978,  4981,  4984,  4986,
         4987,  4988,  4990,  4997,  5000,  5002,  5003,  5004,  5005,  5006,
         5007,  5011,  5012,  5014,  5015,  5016,  5018,  5019,  5020,  5021,
         5022,  5024,  5025,  5026,  5027,  5028,  5029,  5030,  5032,  5033,
         5034,  5037,  5039,  5040,  5041,  5042,  5043,  5048,  5051,  5052,
         5054,  5055,  5056,  5057,  5058,  5059,  5060,  5061,  5064,  5065,
         5068,  5072,  5073,  5074,  5075,  5076,  5077,  5078,  5081,  5082,
         5085,  5086,  5087,  5089,  5090,  5092,  5096,  5097,  5099,  5101,
         5102,  5103,  5104,  5107,  5108,  5109,  5110,  5111,  5112,  5113,
         5114,  5115,  5117,  5121,  5122,  5123,  5125,  5127,  5128,  5131,
         5132,  5133,  5134,  5135,  5136,  5138,  5139,  5141,  5142,  5143,
         5144,  5147,  5148,  5152,  5154,  5156,  5157,  5158,  5159,  5160,
         5161,  5164,  5165,  5167,  5168,  5169,  5170,  5171,  5172,  5173,
         5174,  5175,  5176,  5177,  5178,  5182,  5183,  5184,  5185,  5188,
         5190,  5196,  5197,  5198,  5199,  5203,  5204,  5205,  5206,  5208,
         5209,  5211,  5218,  5219,  5220,  5221,  5222,  5224,  5225,  5226,
         5227,  5232,  5233,  5235,  5238,  5241,  5242,  5248,  5249,  5250,
         5255,  5256,  5257,  5258,  5260,  5261,  5262,  5264,  5265,  5270,
         5273,  5276,  5277,  5278,  5279,  5280,  5281,  5283,  5285,  5287,
         5288,  5289,  5290,  5291,  5294,  5298,  5299,  5300,  5301,  5302,
         5303,  5305,  5306,  5307,  5308,  5309,  5310,  5311,  5312,  5313,
         5314,  5315,  5317,  5318,  5319,  5320,  5321,  5322,  5324,  5325,
         5327,  5328,  5330,  5332,  5335,  5338,  5339,  5340,  5341,  5345,
         5346,  5348,  5350,  5352,  5355,  5356,  5358,  5359,  5360,  5361,
         5362,  5363,  5365,  5366,  5367,  5368,  5369,  5370,  5371,  5372,
         5373,  5374,  5378,  5379,  5380,  5381,  5387,  5388,  5392,  5393,
         5396,  5397,  5398,  5399,  5400,  5401,  5402,  5403,  5405,  5407,
         5408,  5413,  5415,  5417,  5424,  5425,  5426
Total non-polymorphic = 3195


Population     2 [PZ_01]  (Number of Individuals = 12)
****************
--------------------------------------------------------------------------
Lowest Allele Frequency Used     0.050       0.020       0.010         0+
--------------------------------------------------------------------------

LINKAGE DISEQUILIBRIUM METHOD

Harmonic Mean Sample Size =       12.0        12.0        12.0        12.0
Independent Comparisons =    1119756     2487565     2487565     2487565
OverAll r^2 =                 0.117917    0.112924    0.112924    0.112924
Expected r^2 Sample =         0.108217    0.108217    0.108217    0.108217
Estimated Ne^ =                   30.0        63.7        63.7        63.7

95% CIs for Ne^
* Parametric                      29.0        61.0        61.0        61.0
                                  31.0        66.6        66.6        66.6

* JackKnife on Samples            19.4        36.8        36.8        36.8
                                  57.4       194.3       194.3       194.3


HETEROZYGOTE EXCESS METHOD

Harmonic Mean Sample Size =       12.0        12.0        12.0        12.0 
Independent Alleles =           1497        2231        2231        2231  
Weighted Mean D =              0.00098     0.00066     0.00066     0.00066
Estimated Neb^  =                508.4       757.4       757.4       757.4

95% CIs for Nb:
* Parametric                      35.4        52.5        52.5        52.5
                              Infinite    Infinite    Infinite    Infinite

MOLECULAR COANCESTRY METHOD

Harmonic Mean Sample Size =                                           12.0
OverAll f1^    =                                                   0.19936
Estimated Neb^ =                                                       2.5

95% CIs for Ne^
* Jackknife on Loci                                                    2.3
                                                                       2.8
**************************************************************************

Population: CZ_01/PZ_01,	2 Samples,	Sample Sizes: 67/12

TEMPORAL METHODS (Pollak, Nei/Tajima, Jorde/Ryman), Plan II.
--------------------------------------------------------------------------
Lowest Allele Frequency Used     0.050       0.020       0.010         0+
==========================================================================
Samples    1[CZ_01] & 2[PZ_01]
Generations     0.0 & 1.5    

   Independent Alleles =        1881        2718        3825        5426
   -----------------------------------------------------------------------
  (Pollak)
   Harmonic Mean Samp Size =      20.4        20.4        20.4        20.4
                 Fk =          0.13605     0.11822     0.09618     0.07424
                 F' =          0.08692     0.06909     0.04705     0.02511
               * Ne =              8.6        10.9        15.9        29.9

     95% CIs for Ne:
     * Parametric                  7.8         9.9        14.6        26.8
                                   9.5        11.9        17.5        33.5
     * Jackknife on Loci           7.9        10.0        14.6        26.5
                                   9.4        11.8        17.4        33.9
   -----------------------------------------------------------------------
  (Nei/Tajima)
   Harmonic Mean Samp Size =      20.4        20.4        20.4        20.4
                 Fc =          0.12562     0.11012     0.09023     0.06998
                 F' =          0.07649     0.06099     0.04110     0.02085
               * Ne =              9.8        12.3        18.2        36.0

     95% CIs for Ne:
     * Parametric                  8.8        11.2        16.6        31.8
                                  10.9        13.5        20.2        41.0
     * Jackknife on Loci           9.0        11.4        16.7        31.7
                                  10.7        13.3        20.0        41.2
   -----------------------------------------------------------------------
  (Jorde/Ryman)
   Harmonic Mean Samp Size =      20.4        20.4        20.4        20.4
                 Fs =          0.15092     0.14709     0.14299     0.14006
                 F' =          0.10049     0.09678     0.09279     0.08994
               * Ne =              7.5         7.7         8.1         8.3

     95% CIs for Ne:
     * Parametric                  7.0         7.3         7.7         8.0
                                   7.9         8.2         8.4         8.7
     * Jackknife on Loci           6.8         7.1         7.4         7.6
                                   8.3         8.6         9.0         9.3
==========================================================================

Ending time: Fri May  9 01:52:34 2025
-------------------------------------

