CHR SNP Pos pval padj
330 0 loc1548_pos36 525311 4.72532238651656e-09 8.88833140903765e-06
575 0 loc1479_pos25 1850414 2.50262913107426e-05 0.0470744539555068
576 0 loc1479_pos27 1850416 2.6742301576688e-07 0.000503022692657501
975 0 loc1237_pos66 6742556 1.56871335630936e-06 0.00295074982321791
1220 0 loc1302_pos23 10858966 1.88125425915732e-08 3.53863926147492e-05
1443 0 loc756_pos43 13160579 1.99393592641483e-06 0.0037505934775863
1781 0 loc771_pos122 17052343 3.9973267944165e-06 0.00751897170029743
1789 0 loc891_pos102 17072174 9.22791163531086e-08 0.000173577017860197
2251 0 loc1171_pos126 23041359 1.08026342020928e-05 0.0203197549341365
3000 0 loc656_pos101 31533109 1.86537851902866e-05 0.035087769942929
3147 0 loc1192_pos113 33020216 1.44247747208692e-05 0.027133001249955
3148 0 loc1192_pos123 33020226 1.44247747208692e-05 0.027133001249955
3357 0 loc809_pos115 35515869 2.59172899353134e-05 0.0487504223683246
4224 0 loc126_pos84 47790219 2.65032759049354e-11 4.98526619771834e-08
4229 0 loc127_pos199 47920266 7.29241178954642e-13 1.37170265761368e-09
4472 0 loc1380_pos57 51040104 8.98878601291368e-07 0.00169079064902906
5358 0 loc421_pos96 104626058 2.29727581209697e-06 0.0043211758025544
5378 0 loc428_pos105 108387006 1.95067706118367e-05 0.0366922355208648
